# Fix print output for fix data_annealing
0 48.213718196133 97.0040483638166 -80.0424866676373 86.4410287468308 86.4410287468308 86.4410287468308 645891.814257304 293.048511268439 -147419.681420811
100 -91.8857292302652 -60.8654896756572 -243.115904180696 86.4431613798853 86.4431613798853 86.4431613798853 645939.620868473 295.275360855582 -147407.556971557
200 13.5402560481126 -40.6186060839201 -72.9201132063643 86.4396382859115 86.4396382859115 86.4396382859115 645860.645972083 300.614180320286 -147373.884826016
300 230.851775491868 209.056984423958 143.374133670971 86.4335969955691 86.4335969955691 86.4335969955691 645725.237296156 305.217917076443 -147322.233257556
400 43.028686893475 20.3530814811138 108.202275051497 86.4355080392112 86.4355080392112 86.4355080392112 645768.069126704 312.41717099918 -147257.633267473
500 -24.0834678262164 13.2504229897815 -193.225140803003 86.4377340023457 86.4377340023457 86.4377340023457 645817.961571379 319.642064347529 -147182.792872636
600 62.0163946629131 223.384583806546 176.688643380352 86.4305327409333 86.4305327409333 86.4305327409333 645656.562736487 329.988316998607 -147099.959361574
700 -100.569021684818 18.6590614256594 -38.3513222739779 86.4341395317122 86.4341395317122 86.4341395317122 645737.396855316 341.740431870447 -147010.101429127
800 176.835237054369 181.992204299639 105.827347549715 86.4220161564492 86.4220161564492 86.4220161564492 645465.718829542 351.174198913514 -146914.186155088
900 -98.0254794627944 80.4749883915489 -134.281369673263 86.4312306914752 86.4312306914752 86.4312306914752 645672.204430664 362.565154098357 -146812.854231816
1000 130.385611142333 235.69933741878 98.3893270667594 86.4243052210417 86.4243052210417 86.4243052210417 645517.009643746 374.180523605491 -146707.346243618
1100 102.934040618199 113.366371284977 216.277941973627 86.417348801799 86.417348801799 86.417348801799 645361.146353909 388.840620177377 -146597.804642233
1200 -387.978710058903 -260.303242932787 -490.061331135838 86.4270595249046 86.4270595249046 86.4270595249046 645578.728623785 399.02665986898 -146483.510854186
1300 137.995895265433 199.833440844384 78.5919990958414 86.3996815991321 86.3996815991321 86.3996815991321 644965.413477049 415.55480550332 -146367.053523119
1400 -500.566373904693 -649.543070255304 -597.071871299924 86.423161307671 86.423161307671 86.423161307671 645491.377765208 428.219814932608 -146247.580200915
1500 202.753232021991 60.0346003162319 43.9921917556876 86.3956491508138 86.3956491508138 86.3956491508138 644875.112161121 441.326447082104 -146125.315340546
1600 -61.2886101566506 174.288477918447 78.8882660792196 86.4063266743222 86.4063266743222 86.4063266743222 645114.239487446 454.745235950476 -146000.941449101
1700 58.7697429551071 221.608704714429 145.845741802533 86.3942602211858 86.3942602211858 86.3942602211858 644844.010881401 469.388022503231 -145874.846536188
1800 -226.39423575136 -122.864274439002 -370.893830775865 86.4078892749647 86.4078892749647 86.4078892749647 645149.239499391 483.340507863191 -145746.510286113
1900 407.618203712982 423.462052347459 200.550035232721 86.3812396330426 86.3812396330426 86.3812396330426 644552.499052426 499.027089169935 -145617.68865506
2000 -219.310537290994 -152.586330790031 -492.902327429792 86.4026811379889 86.4026811379889 86.4026811379889 645032.589626804 511.504524655537 -145485.887038148
2100 -35.3494871731147 313.057181512357 141.533480507048 86.3827185809022 86.3827185809022 86.3827185809022 644585.606097332 526.400235144387 -145354.148555814
2200 221.931891625472 -24.3614214522882 68.0853414479438 86.3922723070667 86.3922723070667 86.3922723070667 644799.49872233 543.853757613036 -145221.797134618
2300 235.638945870601 -144.32022591292 -329.940508862836 86.3868881480562 86.3868881480562 86.3868881480562 644678.950208723 558.06220646946 -145088.232061901
2400 164.158086158409 338.890419717008 13.7467012451041 86.3889893807298 86.3889893807298 86.3889893807298 644725.993925167 571.909757426063 -144953.761843356
2500 38.003881705747 174.230692593638 107.331203706291 86.3894511911447 86.3894511911447 86.3894511911447 644736.333533463 591.293824605238 -144820.201444835
2600 -29.2837915071502 -94.0918120610027 -231.22975212392 86.3800280101347 86.3800280101347 86.3800280101347 644525.377065433 599.00029431182 -144684.838011957
2700 -500.764707695119 -348.708139537841 -187.719243668071 86.3890288745181 86.3890288745181 86.3890288745181 644726.87815881 615.511765514078 -144550.259934145
2800 576.384992333673 473.412763389201 33.3431757636246 86.3637878989617 86.3637878989617 86.3637878989617 644161.918188388 631.832366600533 -144415.527923201
2900 -345.583852133299 -469.349592254743 -299.390542250999 86.3961386575649 86.3961386575649 86.3961386575649 644886.073564133 647.026141751646 -144280.16207556
3000 520.850719786113 571.788986480375 7.19660888967713 86.3628560525088 86.3628560525088 86.3628560525088 644141.06731316 659.993339023177 -144145.423131725
3100 -682.843306898427 -512.114147639119 -843.598978619775 86.3928661068588 86.3928661068588 86.3928661068588 644812.794510125 677.572658480176 -144011.719186109
3200 214.04807539565 192.316914249247 100.469442106456 86.3738019608864 86.3738019608864 86.3738019608864 644386.019938451 693.274903148246 -143877.195826994
3300 -236.165722383082 -82.3241433789792 -494.394233084541 86.3844763633018 86.3844763633018 86.3844763633018 644624.956478109 707.533419415264 -143743.062266276
3400 190.217100593386 11.611119883144 -104.447549850891 86.3737095870412 86.3737095870412 86.3737095870412 644383.952493829 725.984934010572 -143610.306229446
3500 134.636556369419 305.411348119639 365.618372292712 86.3746807612461 86.3746807612461 86.3746807612461 644405.688833933 737.803227831155 -143477.365343677
3600 -239.297384474213 90.2198947163932 -148.186390713958 86.3924374233502 86.3924374233502 86.3924374233502 644803.195827317 755.005976298047 -143344.736674442
3700 586.167893807697 533.41194788148 511.785141298905 86.3744350027605 86.3744350027605 86.3744350027605 644400.188343019 770.212754463371 -143212.721848569
3800 -335.417962427412 -83.7728216113436 -265.138872952082 86.4007959185037 86.4007959185037 86.4007959185037 644990.368663581 784.543889877091 -143080.959439354
3900 731.852876519524 867.487199502619 673.589715394025 86.3724887193899 86.3724887193899 86.3724887193899 644356.628332117 797.552401973614 -142947.884688983
4000 -647.349169245919 -651.570666061877 -958.426294959724 86.4073585455233 86.4073585455233 86.4073585455233 645137.351779579 811.846739081623 -142816.894568933
4100 -48.6474618431417 398.816621443144 139.773790392514 86.3796390441715 86.3796390441715 86.3796390441715 644516.670285254 829.7676597658 -142686.706376521
4200 -282.083766619474 -333.543432016323 -260.66727199917 86.4199870996668 86.4199870996668 86.4199870996668 645420.256252862 841.658700494097 -142555.402641208
4300 617.537442772042 767.887989856606 289.65887452349 86.3867973198331 86.3867973198331 86.3867973198331 644676.916741033 858.205296482246 -142422.938295649
4400 -990.936973820489 -255.061427082614 -787.607855090349 86.4199834777471 86.4199834777471 86.4199834777471 645420.175102877 874.414482638444 -142293.001646777
4500 770.376644652087 917.887845632443 343.61881490152 86.3944763383899 86.3944763383899 86.3944763383899 644848.850169321 888.939132497289 -142162.664566612
4600 -879.35047768606 -300.413597813238 -566.352342917805 86.4347646900259 86.4347646900259 86.4347646900259 645751.408368272 902.175066147274 -142032.963460385
4700 159.893908885298 600.891442613847 33.0937720714416 86.4173574019154 86.4173574019154 86.4173574019154 645361.339029857 916.05851538896 -141902.705322027
4800 461.78941520587 336.308952854316 -145.818365194657 86.4251814659871 86.4251814659871 86.4251814659871 645536.644285308 930.442619544384 -141773.942071907
4900 -126.178224157563 189.003248066427 -405.691972722528 86.4392742918834 86.4392742918834 86.4392742918834 645852.486922618 943.573693737015 -141643.661797912
5000 755.081077835771 800.071935322386 890.644995372219 86.4138667188792 86.4138667188792 86.4138667188792 645283.137348464 956.069626341404 -141513.543634801
