# Fix print output for fix data_cooling
0 -356.472036336482 -189.907545909578 101.756165845376 86.7874871618138 86.7874871618138 86.7874871618138 653689.248591233 959.71367014819 -143157.221458709
100 -352.405086753777 -224.81414059318 -29.5187103972105 86.7903131839521 86.7903131839521 86.7903131839521 653753.108042748 968.718182307405 -143082.918731012
200 72.0648332958367 214.011452219795 -110.032499602081 86.7807382742002 86.7807382742002 86.7807382742002 653536.761209951 970.821262580639 -143004.618516732
300 -253.032259475434 -313.680913662404 -131.814911469623 86.7796799689043 86.7796799689043 86.7796799689043 653512.851538476 980.049210173248 -142958.086084885
400 -56.8761154957556 -24.0851988630071 -75.1916225501072 86.7882782099691 86.7882782099691 86.7882782099691 653707.123439478 982.059533588659 -142960.570971986
500 175.978823145542 -154.146586018816 -169.487485785458 86.7930520212611 86.7930520212611 86.7930520212611 653815.00135232 973.781072861554 -143012.691278274
600 -291.318027677354 -5.37628788336025 -119.190205372765 86.7852210380147 86.7852210380147 86.7852210380147 653638.044133102 968.852837466392 -143061.231141973
700 119.437524173286 -0.920771368774802 35.2561067938029 86.7801174465848 86.7801174465848 86.7801174465848 653522.73514468 961.614454257008 -143117.640060517
800 -92.2141254810642 15.0946909409266 5.86236277743726 86.781065611495 86.781065611495 86.781065611495 653544.156667744 956.475542009368 -143176.754114696
900 -419.548944842219 -190.702062895683 -342.662741828742 86.7890916218925 86.7890916218925 86.7890916218925 653725.503968387 950.102693904843 -143236.142992943
1000 77.5388223595459 -155.394435285314 -42.9692798626817 86.7842252471735 86.7842252471735 86.7842252471735 653615.544473539 944.044118167803 -143298.846694869
1100 204.291580798133 -66.2415714894886 486.702216706671 86.7750767697438 86.7750767697438 86.7750767697438 653408.860941535 935.202275095686 -143362.179602989
1200 135.055757215489 136.143382315282 -6.3309792592921 86.7799378111052 86.7799378111052 86.7799378111052 653518.676762516 928.934222613312 -143426.739805674
1300 -270.607136060146 -324.220956051563 -109.939504381646 86.7819910026379 86.7819910026379 86.7819910026379 653565.064123268 926.290661844293 -143491.204170682
1400 48.5419856066908 180.828906164428 277.443676646451 86.7629809734055 86.7629809734055 86.7629809734055 653135.65811081 914.812662564906 -143554.333174402
1500 176.065151118181 -139.543389899917 -114.556973787885 86.7667939606689 86.7667939606689 86.7667939606689 653221.772281805 912.196242716953 -143617.729033494
1600 -397.315784151263 -422.71417504541 -455.429578068222 86.7883659902516 86.7883659902516 86.7883659902516 653709.106978793 896.70263420779 -143679.613557804
1700 236.648455456124 9.35296377639921 144.464030405128 86.7806680725341 86.7806680725341 86.7806680725341 653535.175166781 900.669799711576 -143743.035661906
1800 485.846691343463 700.184823747892 524.572886788056 86.759172465203 86.759172465203 86.759172465203 653049.652652168 890.676180281256 -143804.039831596
1900 208.851012673143 -385.93638103098 -205.345134076046 86.7824217711176 86.7824217711176 86.7824217711176 653574.796671115 881.433237875707 -143865.934412889
2000 -168.847284493392 -342.421042119488 -417.285520422152 86.7891714914165 86.7891714914165 86.7891714914165 653727.308784818 873.023662924744 -143927.701498753
2100 676.316502150315 554.950329032726 365.347069159098 86.7579743335363 86.7579743335363 86.7579743335363 653022.597461074 864.384345371823 -143990.534488305
2200 111.241755472953 218.782993961664 106.192951226698 86.7653708894037 86.7653708894037 86.7653708894037 653189.632133064 860.476899236849 -144053.664562887
2300 -480.138932801393 -1006.7448366904 -858.673781958976 86.785765035074 86.785765035074 86.785765035074 653650.335836635 853.157211141375 -144116.516709124
2400 24.3109452199935 203.437012041916 178.595427586226 86.7639011409984 86.7639011409984 86.7639011409984 653156.438885058 844.651993048761 -144179.814880741
2500 319.44299544496 -57.7796457426907 146.813181028422 86.752860172611 86.752860172611 86.752860172611 652907.122227255 839.63320149879 -144244.181661275
2600 -742.90309599191 -575.729726338077 -720.64670390017 86.7777208609849 86.7777208609849 86.7777208609849 653468.592100096 831.383499501582 -144307.436576121
2700 -83.1108506280023 85.7535068150289 -22.715515965643 86.7617194775662 86.7617194775662 86.7617194775662 653107.169603622 824.096583491256 -144371.132710094
2800 629.112834821596 324.67801721038 622.166000744038 86.7444210536906 86.7444210536906 86.7444210536906 652716.600847608 820.453533268775 -144434.697479369
2900 -345.812140128092 -510.029951109298 -370.129475597861 86.7765079166442 86.7765079166442 86.7765079166442 653441.190713754 813.893244165672 -144497.369758034
3000 -447.598750558038 -406.152589320815 -774.224143878637 86.7787491290491 86.7787491290491 86.7787491290491 653491.822101057 805.65677386581 -144560.974456904
3100 659.094669652078 177.471667652339 338.694703138842 86.7413512063752 86.7413512063752 86.7413512063752 652647.305230559 795.346621610194 -144624.845338008
3200 446.408651672111 516.579041523525 238.633060540481 86.756711570284 86.756711570284 86.756711570284 652994.083623246 791.815854940305 -144687.206210343
3300 -999.324844593823 -1161.34702304498 -1090.49851236743 86.7811281653679 86.7811281653679 86.7811281653679 653545.569939659 780.187584589987 -144750.751259199
3400 497.911699840673 621.994564980496 640.648777403971 86.7435118817059 86.7435118817059 86.7435118817059 652696.077610939 775.178701770735 -144814.245853806
3500 420.037516572727 -13.0259534807164 211.131202609522 86.7500672207977 86.7500672207977 86.7500672207977 652844.064499119 767.797899030648 -144877.455178892
3600 -997.204822141607 -958.902240049766 -1100.95443724723 86.7840513791222 86.7840513791222 86.7840513791222 653611.616018811 761.677573801363 -144941.525836484
3700 271.659504521765 392.818779405786 557.166581297733 86.7573783272829 86.7573783272829 86.7573783272829 653009.139232677 753.535875077261 -145003.891603314
3800 308.862645910565 273.78639387782 446.443970966828 86.7428250889914 86.7428250889914 86.7428250889914 652680.57454845 747.430588389239 -145067.377436902
3900 -610.710380781505 -438.17330300569 -467.752185115704 86.7689109513528 86.7689109513528 86.7689109513528 653269.586592449 737.205604950945 -145130.055591705
4000 -165.477648229305 -380.316568592978 -230.045404524378 86.7623028110156 86.7623028110156 86.7623028110156 653120.342987753 734.785188402932 -145194.765926644
4100 88.4041673227109 391.242454179727 140.590534471402 86.7443189798117 86.7443189798117 86.7443189798117 652714.296656651 725.203018098279 -145257.947489801
4200 271.054243759563 122.177841194523 -49.8194998211223 86.7593703672773 86.7593703672773 86.7593703672773 653054.121580536 719.970311492116 -145320.743001892
4300 -533.954456724049 -758.500005139058 -335.733516309333 86.7712869514413 86.7712869514413 86.7712869514413 653323.253663365 712.905161349693 -145384.718208478
4400 21.27987688726 128.762169532678 59.5084257829894 86.7498983865226 86.7498983865226 86.7498983865226 652840.252781961 706.426015874678 -145448.834228346
4500 595.945188910452 621.106985828455 658.788663595037 86.7437718392981 86.7437718392981 86.7437718392981 652701.945731986 697.222060257117 -145511.493998747
4600 -581.141679273454 -660.877940149808 -451.124771791163 86.7712832378882 86.7712832378882 86.7712832378882 653323.16978249 689.670905851176 -145575.261094035
4700 -20.8958651182507 -194.059175351694 -314.548111415643 86.7606955605412 86.7606955605412 86.7606955605412 653084.046975503 682.921383816804 -145639.156097672
4800 725.00131724526 551.936759482826 601.358584792931 86.7467399088068 86.7467399088068 86.7467399088068 652768.947580863 678.235210519549 -145702.124390032
4900 -324.272658474258 -231.255637610672 -276.204912290021 86.7684258160781 86.7684258160781 86.7684258160781 653258.629130442 671.084150985035 -145766.225133282
5000 -235.89601548211 -67.9908715921412 -151.694495507372 86.7699020457057 86.7699020457057 86.7699020457057 653291.972232185 662.992814732821 -145829.313000857
5100 433.154637926086 152.838447028693 264.472228650022 86.7518799572142 86.7518799572142 86.7518799572142 652884.991001331 655.340430672031 -145893.312427045
5200 -434.165075612999 8.00713206009832 -117.501580397871 86.7638794893255 86.7638794893255 86.7638794893255 653155.949905454 647.047115198783 -145955.81482691
5300 28.7277582483445 -58.9006312212442 -85.1218259741477 86.7657171063739 86.7657171063739 86.7657171063739 653197.45136678 640.206538034331 -146018.993164048
5400 249.545762935297 393.498642159303 224.303445627138 86.7497574632073 86.7497574632073 86.7497574632073 652837.071212934 633.790671897475 -146082.30509698
5500 -4.45483555201253 -18.149605624356 -8.93751681345648 86.7574323971657 86.7574323971657 86.7574323971657 653010.360159944 626.721194560479 -146146.522592692
5600 -343.266322250991 -271.671537217208 -315.686568846268 86.7758934949253 86.7758934949253 86.7758934949253 653427.31072619 618.103921490606 -146209.294638892
5700 163.695187729825 170.837625231482 342.724459079894 86.7631742634569 86.7631742634569 86.7631742634569 653140.023275703 610.255088413075 -146272.904527734
5800 26.9232734539689 -7.85533937997787 178.125008105076 86.7592085325371 86.7592085325371 86.7592085325371 653050.467105643 603.851719570928 -146336.583158954
5900 -45.6013745867652 -112.057429013569 30.9214009047096 86.7756001510608 86.7756001510608 86.7756001510608 653420.684061682 604.862218592681 -146400.460711503
6000 -108.315060073835 105.474488128276 -249.898533650397 86.7723940440338 86.7723940440338 86.7723940440338 653348.260733851 591.877427272388 -146463.248440943
6100 336.50360264089 25.916146776076 282.52808743731 86.7551705566218 86.7551705566218 86.7551705566218 652959.287873885 586.775115687417 -146527.050188941
6200 373.720210407338 163.312502055597 13.5058270786104 86.7630741005504 86.7630741005504 86.7630741005504 653137.761244784 577.122120144505 -146590.204473933
6300 -578.933394692496 -580.266992618625 -343.093055824856 86.7780128190066 86.7780128190066 86.7780128190066 653475.187780555 568.379441431978 -146653.595073168
6400 383.452375847298 192.580242995774 255.669717536728 86.7585438298526 86.7585438298526 86.7585438298526 653035.457249737 564.40211367463 -146718.123129624
6500 407.944218377388 477.346572708699 172.447132640323 86.7594013525286 86.7594013525286 86.7594013525286 653054.821276255 557.986531450587 -146781.414554458
6600 -488.559248370268 -532.037884781777 -434.954447386423 86.7860093115062 86.7860093115062 86.7860093115062 653655.85535316 552.175431283632 -146844.645356991
6700 -33.692908228085 -299.442301633715 -292.122264967316 86.7743953528671 86.7743953528671 86.7743953528671 653393.468031078 544.054728543167 -146908.320703085
6800 353.162573896258 267.914071205408 488.861502073976 86.7567575305215 86.7567575305215 86.7567575305215 652995.121414276 533.998162266517 -146971.022250501
6900 -249.665692936422 -10.6819809304752 -346.508837352754 86.7812231813892 86.7812231813892 86.7812231813892 653547.716628775 531.211397096969 -147034.836608372
7000 -392.657819097965 -281.141539981991 -150.536150600437 86.7853978131388 86.7853978131388 86.7853978131388 653642.03837937 520.175110348799 -147097.899696431
7100 701.605876464288 730.004248491381 597.789476524339 86.7591335453557 86.7591335453557 86.7591335453557 653048.77378551 516.610449806728 -147161.079421371
7200 42.7481411634589 44.2488406320809 175.498690768938 86.7788452148549 86.7788452148549 86.7788452148549 653493.992840731 511.00436167772 -147224.431071445
7300 -685.564245726548 -586.986337751424 -511.049855118154 86.8026786370441 86.8026786370441 86.8026786370441 654032.578351504 501.063189255512 -147287.476844652
7400 399.863362947061 468.834546103627 512.881394942474 86.7693135353517 86.7693135353517 86.7693135353517 653278.679610901 496.410348237485 -147351.481913456
7500 481.328570952284 450.767561279374 478.480544812284 86.7685038465865 86.7685038465865 86.7685038465865 653260.391550872 488.573638018304 -147413.846017555
7600 -740.664512439705 -658.806390015792 -738.68370242712 86.8079027430014 86.8079027430014 86.8079027430014 654150.671750638 483.703605495198 -147477.336955681
7700 113.774122625579 123.579032294847 339.331944183823 86.7851686559937 86.7851686559937 86.7851686559937 653636.860560807 474.751768628861 -147540.27333294
7800 529.896055974562 726.423417935647 461.404949003189 86.7691872513981 86.7691872513981 86.7691872513981 653275.827272059 468.74633004054 -147602.953328007
7900 -575.929998090529 -452.708204834969 -558.890784138806 86.8092237080703 86.8092237080703 86.8092237080703 654180.535045656 461.361554501589 -147665.446291008
8000 -7.15680427188136 -213.041465955499 -283.471961424305 86.8036726132286 86.8036726132286 86.8036726132286 654055.046560823 452.929271091007 -147728.441500982
8100 714.8675585295 574.960372687209 595.297443121959 86.7797365666201 86.7797365666201 86.7797365666201 653514.130202748 448.884234517373 -147791.559949044
8200 -438.64594575249 -451.19635867776 -362.667464161046 86.8121051584222 86.8121051584222 86.8121051584222 654245.679665824 439.657006685344 -147853.955767195
8300 -501.127894826658 -500.793733148666 -305.007743081442 86.8185245008781 86.8185245008781 86.8185245008781 654390.825470961 432.344368333975 -147916.671803994
8400 627.800947354148 778.82283090051 847.87008930065 86.7834391113458 86.7834391113458 86.7834391113458 653597.78228435 423.571322220734 -147979.027989805
8500 294.757992448551 11.724077150848 319.281212200755 86.8070989708616 86.8070989708616 86.8070989708616 654132.501173991 419.464232943969 -148041.601043339
8600 -850.461276371579 -825.497983682084 -643.889974478454 86.8308916162082 86.8308916162082 86.8308916162082 654670.515078606 413.595410502948 -148104.599166605
8700 443.108277356906 376.906039735336 407.391464229145 86.7923159971376 86.7923159971376 86.7923159971376 653798.3680094 406.63013124937 -148167.380832742
8800 331.360273722704 381.546079595197 400.813637629728 86.8005180148887 86.8005180148887 86.8005180148887 653983.740615361 398.337616728362 -148229.291163212
8900 -635.243200384705 -628.505043495114 -592.701385607937 86.8329868640395 86.8329868640395 86.8329868640395 654717.908237341 392.439216577115 -148291.553754586
9000 270.767517799736 284.714200339486 391.861224296284 86.8061293446618 86.8061293446618 86.8061293446618 654110.581644337 385.432782892706 -148354.223894289
9100 331.501050671272 504.124039426377 418.655829740157 86.7988196372144 86.7988196372144 86.7988196372144 653945.35295326 377.222032421299 -148416.040456437
9200 -518.268146090995 -708.532956972925 -450.345094762217 86.8309126406247 86.8309126406247 86.8309126406247 654670.990626029 369.825199496632 -148478.098338614
9300 100.701888393722 40.5556767359464 178.106854119424 86.817027227809 86.817027227809 86.817027227809 654356.969164336 365.925754026038 -148540.742239521
9400 494.997800792001 476.779786769989 450.077488456212 86.805613817517 86.805613817517 86.805613817517 654098.927752137 355.537330517706 -148602.206163146
9500 -218.474032268163 -283.793065553548 -327.439749594251 86.8308998080853 86.8308998080853 86.8308998080853 654670.700369144 348.361019906593 -148664.038828779
9600 -73.4284072017126 -44.0846962384882 -108.559942251033 86.8270608748407 86.8270608748407 86.8270608748407 654583.872085358 342.435196362342 -148726.123006138
9700 451.418780078352 585.538812736514 444.694066874135 86.8131962163144 86.8131962163144 86.8131962163144 654270.347730801 336.004590092127 -148787.784643967
9800 8.96751020361253 -71.8612355346671 -94.4537683679349 86.832652403985 86.832652403985 86.832652403985 654710.342812551 328.933183854957 -148849.253734479
9900 -237.437328940654 -375.09861725685 -421.411816221472 86.8362482604677 86.8362482604677 86.8362482604677 654791.683478502 323.123915029377 -148911.463391686
10000 379.462548755512 368.733389505187 244.306010480967 86.8180318523767 86.8180318523767 86.8180318523767 654379.685584676 314.51093234252 -148972.707188492
